0, 6820, 6372.87, 5965
1, 6679, 6227.195, 5711
2, 6564, 6102.25, 5641
3, 6510, 5981.58, 5596
4, 6506, 5861.31, 5383
5, 6207, 5772.73, 5241
6, 6130, 5684.105, 5206
7, 6006, 5583.285, 5148
8, 5918, 5480.65, 5118
9, 5891, 5404.955, 5091
10, 5901, 5340.11, 5091
11, 5788, 5267.09, 4966
12, 5527, 5182.22, 4964
13, 5543, 5122.895, 4842
14, 5382, 5070.41, 4842
15, 5315, 5002.995, 4792
16, 5236, 4938.47, 4749
17, 5153, 4899.155, 4649
18, 5158, 4861.395, 4600
19, 5071, 4820.235, 4600
20, 5088, 4765.58, 4563
21, 5054, 4737.385, 4522
22, 5198, 4695.87, 4518
23, 4963, 4663.805, 4459
24, 4927, 4647.16, 4442
25, 4845, 4594.545, 4350
26, 4826, 4571.345, 4325
27, 4825, 4543.94, 4325
28, 4729, 4500.77, 4320
29, 4867, 4493.34, 4270
30, 4714, 4441.295, 4188
31, 4774, 4418.22, 4188
32, 4642, 4393.97, 4153
33, 4738, 4380.72, 4153
34, 4623, 4347.47, 4144
35, 4561, 4322.44, 4144
36, 4533, 4280.135, 4085
37, 4613, 4255.57, 4082
38, 4506, 4233.025, 4052
39, 4440, 4214.79, 4045
40, 4432, 4184.82, 4010
41, 4444, 4168.075, 4010
42, 4415, 4150.59, 3971
43, 4411, 4134.685, 3925
44, 4402, 4111.49, 3922
45, 4325, 4079.64, 3900
46, 4302, 4067.4, 3900
47, 4278, 4048.3, 3854
48, 4265, 4020.835, 3854
49, 4219, 3994.12, 3845
50, 4170, 3978.97, 3809
51, 4163, 3958.225, 3809
52, 4217, 3951.385, 3760
53, 4259, 3944.33, 3760
54, 4138, 3925.995, 3739
55, 4188, 3918.435, 3731
56, 4115, 3898.16, 3715
57, 4203, 3874.46, 3702
58, 4104, 3850.88, 3678
59, 4041, 3819.615, 3678
60, 4091, 3803.53, 3669
61, 4046, 3781.985, 3618
62, 4013, 3759.495, 3609
63, 4000, 3742.265, 3609
64, 3909, 3723.44, 3566
65, 3942, 3705.34, 3547
66, 3889, 3679.145, 3536
67, 3868, 3662.755, 3536
68, 3912, 3656.75, 3528
69, 3853, 3635.32, 3509
70, 3828, 3617.985, 3464
71, 3803, 3607.505, 3464
72, 3793, 3588.91, 3462
73, 3833, 3589.735, 3424
74, 3845, 3563.245, 3424
75, 3821, 3558.79, 3424
76, 3738, 3541.48, 3417
77, 3753, 3543.225, 3396
78, 3770, 3536.3, 3380
79, 3751, 3521.595, 3377
80, 3789, 3502.205, 3353
81, 3780, 3474.45, 3342
82, 3649, 3445.67, 3322
83, 3696, 3430.535, 3301
84, 3646, 3428.28, 3296
85, 3601, 3406.56, 3295
86, 3573, 3380.59, 3285
87, 3600, 3368.92, 3259
88, 3577, 3352.215, 3243
89, 3560, 3354.895, 3243
90, 3543, 3348.85, 3238
91, 3582, 3339.375, 3229
92, 3574, 3330.685, 3217
93, 3532, 3319.91, 3212
94, 3563, 3314.225, 3186
95, 3497, 3302.555, 3186
96, 3545, 3296.955, 3171
97, 3483, 3288.745, 3171
98, 3510, 3278.54, 3160
99, 3524, 3260.395, 3155
100, 3586, 3251.91, 3129
101, 3436, 3240.345, 3129
102, 3428, 3228.06, 3129
103, 3444, 3224.14, 3113
104, 3443, 3203.2, 3113
105, 3410, 3194.69, 3113
106, 3392, 3188.17, 3112
107, 3416, 3186.6, 3103
108, 3380, 3179.87, 3092
109, 3370, 3171.34, 3090
110, 3392, 3171.21, 3077
111, 3413, 3157.755, 3056
112, 3311, 3146.48, 3049
113, 3313, 3135.865, 3045
114, 3318, 3120.58, 3040
115, 3450, 3102.445, 3034
116, 3338, 3100.675, 3027
117, 3402, 3105.01, 3027
118, 3318, 3104.19, 3027
119, 3257, 3096.4, 3008
120, 3290, 3096.505, 3008
121, 3330, 3098.47, 3006
122, 3347, 3089.47, 3006
123, 3405, 3087.19, 2997
124, 3289, 3074.975, 2997
125, 3280, 3067.6, 2994
126, 3320, 3069.17, 2993
127, 3253, 3067.47, 2965
128, 3247, 3057.25, 2965
129, 3449, 3055.195, 2965
130, 3201, 3046.285, 2965
131, 3304, 3047.405, 2960
132, 3262, 3032.48, 2960
133, 3234, 3021.495, 2932
134, 3216, 3004.7, 2932
135, 3226, 3002.485, 2932
136, 3256, 2992.88, 2924
137, 3234, 2997.2, 2908
138, 3218, 2997.09, 2898
139, 3240, 2982.895, 2898
140, 3200, 2978.845, 2888
141, 3131, 2961.8, 2885
142, 3192, 2960.51, 2877
143, 3159, 2947.58, 2876
144, 3235, 2946.12, 2856
145, 3130, 2936.885, 2856
146, 3193, 2933.45, 2856
147, 3162, 2933.785, 2853
148, 3121, 2917.195, 2837
149, 3112, 2919.27, 2834
150, 3126, 2906.115, 2823
151, 3102, 2903.69, 2823
152, 3085, 2888.83, 2820
153, 3067, 2875.125, 2809
154, 3077, 2870.83, 2809
155, 3039, 2867.275, 2806
156, 3060, 2863.935, 2806
157, 3066, 2860.205, 2806
158, 3032, 2843.43, 2799
159, 3015, 2840.31, 2799
160, 3060, 2849.865, 2799
161, 3008, 2848.79, 2791
162, 3073, 2842.56, 2787
163, 3119, 2845.885, 2772
164, 3026, 2836.125, 2772
165, 2978, 2828.35, 2772
166, 3034, 2830.455, 2772
167, 3085, 2821.1, 2762
168, 3001, 2818.385, 2748
169, 3016, 2815.535, 2723
170, 3030, 2815.935, 2723
171, 3092, 2810.195, 2723
172, 3092, 2806.055, 2723
173, 2977, 2797.97, 2716
174, 3026, 2784.315, 2716
175, 2986, 2779.68, 2708
176, 2966, 2780.58, 2708
177, 2968, 2775.62, 2698
178, 3007, 2773.04, 2698
179, 2971, 2768.285, 2698
180, 2994, 2757.58, 2695
181, 2928, 2751.19, 2684
182, 3019, 2755.06, 2683
183, 2949, 2751.145, 2680
184, 2915, 2750.575, 2678
185, 2945, 2745.125, 2675
186, 2980, 2736.81, 2675
187, 2987, 2731.875, 2668
188, 2950, 2733.86, 2667
189, 2954, 2734.12, 2664
190, 2928, 2731.965, 2663
191, 2915, 2726.09, 2660
192, 2904, 2715.255, 2660
193, 2890, 2711.025, 2657
194, 2896, 2713.27, 2657
195, 2856, 2702.585, 2654
196, 2892, 2695.4, 2647
197, 2902, 2696.325, 2647
198, 2901, 2698.86, 2643
199, 2894, 2686.3, 2643
200, 2971, 2687.005, 2638
201, 2857, 2686.2, 2637
202, 2885, 2681.78, 2633
203, 2870, 2676.65, 2633
204, 2853, 2682.595, 2629
205, 2965, 2678.065, 2627
206, 2912, 2671.81, 2617
207, 2843, 2666.445, 2610
208, 2861, 2666.12, 2610
209, 2858, 2663.445, 2602
210, 2873, 2665.51, 2597
211, 2911, 2663.43, 2592
212, 2846, 2657.165, 2592
213, 2839, 2656.64, 2591
214, 2955, 2657.93, 2570
215, 2862, 2652.275, 2570
216, 2819, 2640.62, 2570
217, 2832, 2630.01, 2570
218, 2822, 2618.65, 2570
219, 2830, 2616.165, 2570
220, 2770, 2607.325, 2570
221, 2790, 2612.13, 2561
222, 2845, 2623.81, 2558
223, 2835, 2624.625, 2556
224, 2855, 2619.405, 2555
225, 2869, 2612.46, 2551
226, 2877, 2612.62, 2551
227, 2821, 2614.66, 2542
228, 2822, 2611.985, 2539
229, 2817, 2613.97, 2539
230, 2817, 2599.98, 2532
231, 2831, 2598.865, 2531
232, 2826, 2590.465, 2531
233, 2824, 2584.145, 2517
234, 2857, 2584.325, 2505
235, 2827, 2583.495, 2505
236, 2757, 2574.885, 2499
237, 2777, 2570.56, 2499
238, 2850, 2574.66, 2491
239, 2800, 2569.3, 2488
240, 2808, 2550.375, 2485
241, 2793, 2546.045, 2485
242, 2833, 2544.585, 2484
243, 2774, 2555.06, 2477
244, 2762, 2544.505, 2471
245, 2790, 2533.18, 2462
246, 2781, 2527.045, 2462
247, 2750, 2524.77, 2462
248, 2704, 2525.865, 2442
249, 2733, 2510.565, 2442
250, 2745, 2519.485, 2442
251, 2715, 2513.535, 2442
252, 2699, 2506.51, 2423
253, 2716, 2505.365, 2423
254, 2765, 2498.065, 2423
255, 2719, 2491.335, 2411
256, 2661, 2477.69, 2397
257, 2675, 2469.51, 2397
258, 2663, 2472.23, 2397
259, 2723, 2468.44, 2391
260, 2700, 2458.405, 2384
261, 2696, 2466.825, 2384
262, 2675, 2456.695, 2381
263, 2681, 2449.395, 2380
264, 2648, 2443.67, 2377
265, 2636, 2443.155, 2377
266, 2650, 2442.5, 2371
267, 2655, 2443.71, 2358
268, 2659, 2446.485, 2358
269, 2622, 2433.58, 2358
270, 2619, 2437.3, 2358
271, 2613, 2425.185, 2358
272, 2729, 2423.515, 2358
273, 2684, 2431.87, 2358
274, 2668, 2428.24, 2358
275, 2624, 2425.8, 2354
276, 2670, 2407.455, 2354
277, 2656, 2409.69, 2349
278, 2605, 2411.335, 2346
279, 2653, 2412.915, 2346
280, 2611, 2401.125, 2346
281, 2604, 2390.715, 2345
282, 2601, 2385.58, 2345
283, 2546, 2376.1, 2338
284, 2554, 2375.515, 2335
285, 2599, 2384.495, 2325
286, 2536, 2379.16, 2325
287, 2551, 2377.43, 2325
288, 2603, 2391.225, 2317
289, 2577, 2378.57, 2317
290, 2613, 2387.36, 2317
291, 2590, 2376.66, 2308
292, 2577, 2370.3, 2308
293, 2635, 2363.845, 2308
294, 2621, 2373.67, 2308
295, 2645, 2369.585, 2308
296, 2573, 2367.71, 2308
297, 2605, 2367.9, 2299
298, 2569, 2355.04, 2299
299, 2566, 2347.86, 2295
300, 2544, 2336.07, 2290
301, 2555, 2335.93, 2286
302, 2519, 2333.245, 2286
303, 2550, 2334.49, 2286
304, 2577, 2339.21, 2286
305, 2618, 2346.01, 2276
306, 2572, 2355.23, 2266
307, 2664, 2346.64, 2266
308, 2526, 2332.1, 2266
309, 2580, 2333.675, 2266
310, 2500, 2328.415, 2266
311, 2578, 2335.77, 2266
312, 2526, 2322.51, 2266
313, 2540, 2317.815, 2263
314, 2489, 2320.115, 2258
315, 2578, 2329.25, 2253
316, 2589, 2328.205, 2249
317, 2529, 2319.84, 2249
318, 2523, 2323.325, 2249
319, 2527, 2323.27, 2249
320, 2508, 2315.415, 2249
321, 2562, 2317.495, 2249
322, 2591, 2324.205, 2249
323, 2536, 2316.465, 2229
324, 2548, 2305.83, 2229
325, 2461, 2294.935, 2228
326, 2519, 2290.195, 2225
327, 2496, 2287.89, 2224
328, 2530, 2295.75, 2223
329, 2487, 2288.09, 2221
330, 2443, 2274.895, 2219
331, 2594, 2265.29, 2219
332, 2445, 2263.115, 2219
333, 2473, 2264.52, 2216
334, 2456, 2260.415, 2216
335, 2455, 2268.345, 2215
336, 2442, 2260.62, 2215
337, 2492, 2264.615, 2215
338, 2465, 2246.1, 2211
339, 2484, 2265.35, 2211
340, 2490, 2267.06, 2210
341, 2483, 2268.585, 2204
342, 2449, 2270.2, 2204
343, 2501, 2258.59, 2204
344, 2473, 2265.97, 2204
345, 2471, 2264.435, 2200
346, 2461, 2254.96, 2182
347, 2456, 2253.485, 2182
348, 2542, 2249.5, 2180
349, 2455, 2252.055, 2180
350, 2428, 2247.52, 2177
351, 2439, 2242.02, 2173
352, 2454, 2233.715, 2173
353, 2452, 2229.415, 2172
354, 2459, 2226.765, 2172
355, 2432, 2217.015, 2172
356, 2464, 2220.32, 2171
357, 2428, 2209.995, 2171
358, 2407, 2214.685, 2170
359, 2387, 2208.54, 2169
360, 2373, 2198.8, 2169
361, 2379, 2211.93, 2166
362, 2400, 2203.485, 2156
363, 2424, 2213.43, 2156
364, 2414, 2204.84, 2148
365, 2399, 2217.87, 2148
366, 2437, 2219.54, 2148
367, 2444, 2208.665, 2148
368, 2446, 2216.585, 2148
369, 2397, 2211.795, 2148
370, 2402, 2203.46, 2148
371, 2410, 2211.745, 2136
372, 2424, 2208.065, 2136
373, 2425, 2211.25, 2136
374, 2503, 2202.765, 2136
375, 2430, 2200.53, 2135
376, 2397, 2195.125, 2135
377, 2494, 2192.17, 2125
378, 2392, 2189.665, 2125
379, 2384, 2178.125, 2124
380, 2402, 2178.5, 2124
381, 2441, 2174.815, 2120
382, 2438, 2165.675, 2106
383, 2393, 2173.24, 2106
384, 2388, 2168.345, 2106
385, 2373, 2164.995, 2106
386, 2338, 2152.33, 2106
387, 2382, 2158.88, 2106
388, 2546, 2160.06, 2106
389, 2396, 2154.645, 2106
390, 2368, 2146.365, 2100
391, 2355, 2146.63, 2100
392, 2395, 2147.08, 2100
393, 2325, 2146.175, 2093
394, 2371, 2151.695, 2093
395, 2414, 2160.76, 2093
396, 2352, 2157.205, 2093
397, 2354, 2159.03, 2093
398, 2367, 2151.335, 2093
399, 2378, 2149.145, 2092
400, 2394, 2151.06, 2079
401, 2522, 2149.755, 2075
402, 2335, 2135.35, 2075
403, 2403, 2142.325, 2071
404, 2346, 2132.035, 2070
405, 2374, 2130.2, 2068
406, 2353, 2129.035, 2067
407, 2347, 2129.165, 2067
408, 2383, 2118.165, 2067
409, 2309, 2123.01, 2056
410, 2332, 2119.02, 2056
411, 2356, 2117.215, 2056
412, 2305, 2110.93, 2053
413, 2321, 2111.965, 2051
414, 2337, 2106.685, 2048
415, 2393, 2115.44, 2046
416, 2296, 2102.05, 2046
417, 2305, 2104.99, 2045
418, 2334, 2107.895, 2045
419, 2320, 2105.815, 2045
420, 2301, 2084.48, 2032
421, 2330, 2100.705, 2031
422, 2253, 2084.85, 2031
423, 2369, 2100.01, 2031
424, 2343, 2095.57, 2031
425, 2300, 2085.01, 2031
426, 2268, 2094.77, 2020
427, 2350, 2079.6, 2020
428, 2276, 2077.585, 2020
429, 2246, 2080.07, 2020
430, 2275, 2070.04, 2020
431, 2242, 2066.095, 2020
432, 2323, 2061.52, 2020
433, 2265, 2073.095, 2020
434, 2368, 2067.845, 2020
435, 2235, 2065.855, 2020
436, 2240, 2064.345, 2020
437, 2260, 2062.59, 2020
438, 2243, 2068.125, 2020
439, 2276, 2067.75, 2020
440, 2318, 2072.975, 2020
441, 2275, 2064.18, 2020
442, 2299, 2068.045, 2020
443, 2298, 2060.2, 2020
444, 2283, 2066.765, 2020
445, 2273, 2070.005, 2011
446, 2288, 2067.375, 2011
447, 2272, 2062.93, 2011
448, 2259, 2067.905, 2003
449, 2304, 2067.97, 2002
450, 2292, 2068.905, 2002
451, 2309, 2060.4, 2002
452, 2244, 2052.74, 2002
453, 2312, 2061.45, 2002
454, 2245, 2052.62, 2002
455, 2294, 2054.785, 2002
456, 2292, 2059.795, 2002
457, 2243, 2059.745, 2002
458, 2247, 2039.935, 2002
459, 2230, 2038.825, 2002
460, 2223, 2048.83, 2002
461, 2233, 2051.22, 2002
462, 2240, 2044.61, 1997
463, 2249, 2047.59, 1994
464, 2331, 2048.095, 1987
465, 2244, 2038.07, 1987
466, 2251, 2058.185, 1987
467, 2260, 2056.39, 1986
468, 2288, 2048.63, 1986
469, 2286, 2049.665, 1986
470, 2317, 2042.535, 1984
471, 2229, 2038.795, 1979
472, 2236, 2032.76, 1979
473, 2210, 2032.845, 1979
474, 2326, 2031.32, 1974
475, 2265, 2031.47, 1970
476, 2221, 2025.965, 1969
477, 2249, 2022.77, 1969
478, 2248, 2034.58, 1967
479, 2226, 2027.545, 1967
480, 2246, 2029.62, 1966
481, 2306, 2025.5, 1966
482, 2250, 2025.45, 1966
483, 2227, 2013.41, 1966
484, 2279, 2018.87, 1966
485, 2302, 2018.02, 1963
486, 2232, 2009.305, 1963
487, 2274, 2021.835, 1963
488, 2252, 2018.415, 1963
489, 2231, 2015.245, 1963
490, 2316, 2021.685, 1963
491, 2195, 2010.91, 1960
492, 2266, 1997.6, 1960
493, 2173, 1995.825, 1956
494, 2166, 1999.83, 1956
495, 2183, 2003.02, 1956
496, 2248, 2007.11, 1955
497, 2206, 2003.955, 1953
498, 2219, 2001.91, 1953
499, 2235, 2008.175, 1953
