0, 1845, 1628.71, 1459
1, 1703, 1542.8, 1445
2, 1580, 1491.06, 1427
3, 1612, 1474.34, 1397
4, 1615, 1454, 1397
5, 1614, 1432.15, 1364
6, 1662, 1417.73, 1316
7, 1628, 1391.96, 1316
8, 1575, 1353.96, 1316
9, 1481, 1328.43, 1316
10, 1540, 1321.6, 1290
11, 1545, 1323.49, 1249
12, 1499, 1314.11, 1233
13, 1491, 1294.2, 1233
14, 1392, 1266.24, 1194
15, 1386, 1244.15, 1194
16, 1448, 1237.83, 1194
17, 1385, 1213.73, 1194
18, 1353, 1200.68, 1179
19, 1434, 1199.8, 1109
20, 1479, 1191.56, 1109
21, 1400, 1174.07, 1109
22, 1441, 1157.37, 1077
23, 1388, 1127.05, 1076
24, 1296, 1115.88, 1076
25, 1236, 1105.62, 1076
26, 1399, 1099.49, 1068
27, 1291, 1081.41, 1068
28, 1262, 1080.83, 1055
29, 1316, 1074.13, 1055
30, 1326, 1074.79, 1052
31, 1277, 1074.73, 1052
32, 1310, 1068.33, 1052
33, 1305, 1061.83, 994
34, 1268, 1056.63, 994
35, 1340, 1058.59, 994
36, 1201, 1034.86, 994
37, 1251, 1012.93, 989
38, 1347, 1005.26, 929
39, 1270, 996.35, 929
40, 1203, 984.2, 920
41, 1183, 956.97, 920
42, 1196, 934.6, 920
43, 1177, 936.62, 860
44, 1196, 933.99, 860
45, 1127, 921.48, 860
46, 1133, 891.92, 860
47, 1205, 873.35, 860
48, 1236, 879.7, 855
49, 1040, 869, 855
50, 1149, 869.79, 822
51, 1013, 865.03, 822
52, 1172, 859.43, 822
53, 1167, 847.99, 822
54, 1077, 842.38, 809
55, 1215, 831.95, 809
56, 1088, 839.84, 809
57, 1079, 832.67, 809
58, 1078, 827.2, 809
59, 1088, 823.5, 809
60, 1088, 824.52, 809
61, 1004, 813.26, 809
62, 1040, 824.1, 806
63, 1094, 822.25, 768
64, 1087, 827.39, 768
65, 1102, 805.41, 768
66, 1080, 783.7, 768
67, 997, 774.16, 758
68, 991, 780.7, 752
69, 1082, 780.1, 752
70, 990, 764.44, 752
71, 1003, 769.46, 752
72, 1058, 763.78, 733
73, 962, 759.05, 706
74, 1055, 774.51, 706
75, 1045, 755.48, 706
76, 1073, 734.42, 706
77, 994, 724.43, 706
78, 1000, 725.02, 704
79, 1047, 717.35, 703
80, 1018, 719.14, 703
81, 900, 717.41, 703
82, 983, 722.8, 703
83, 1000, 723.16, 703
84, 928, 709.67, 703
85, 934, 717.81, 701
86, 1039, 717.77, 701
87, 933, 710.7, 701
88, 975, 708.92, 701
89, 988, 721.11, 701
90, 937, 711.5, 701
91, 995, 713.58, 701
92, 1054, 720.84, 701
93, 971, 714.91, 701
94, 1058, 718.3, 701
95, 1032, 713.09, 701
96, 924, 707.47, 701
97, 983, 718.87, 701
98, 975, 722.28, 701
99, 984, 714.59, 701
0, 1941, 1671.57, 1435
1, 1755, 1537.01, 1385
2, 1657, 1468.71, 1293
3, 1664, 1417.6, 1293
4, 1590, 1380.16, 1293
5, 1532, 1350.85, 1232
6, 1401, 1296.5, 1232
7, 1498, 1288.75, 1232
8, 1612, 1266.43, 1232
9, 1379, 1235.4, 1204
10, 1502, 1234.74, 1204
11, 1353, 1225.87, 1204
12, 1382, 1210.63, 1204
13, 1387, 1212.03, 1196
14, 1339, 1210.58, 1166
15, 1520, 1209.36, 1166
16, 1449, 1201.26, 1129
17, 1219, 1174.58, 1129
18, 1366, 1170.74, 1129
19, 1271, 1144.57, 1129
20, 1271, 1133.43, 1121
21, 1389, 1140.54, 1116
22, 1445, 1139.1, 1112
23, 1281, 1128.18, 1108
24, 1298, 1123.35, 1044
25, 1321, 1113.18, 1044
26, 1333, 1090.84, 1038
27, 1311, 1060.13, 1038
28, 1149, 1046.49, 1027
29, 1182, 1045.23, 1027
30, 1164, 1040.2, 1019
31, 1204, 1034.27, 1019
32, 1260, 1031.23, 1019
33, 1188, 1028.72, 1015
34, 1220, 1028.75, 1015
35, 1301, 1030.75, 977
36, 1193, 1017.44, 977
37, 1279, 1018.34, 977
38, 1200, 995.2, 977
39, 1191, 983.76, 972
40, 1197, 985.69, 968
41, 1217, 986.05, 968
42, 1162, 983.67, 968
43, 1176, 975.13, 968
44, 1227, 989.32, 968
45, 1216, 974.99, 957
46, 1235, 975.08, 957
47, 1298, 978.46, 954
48, 1169, 968.23, 954
49, 1142, 966.34, 954
50, 1114, 961.05, 954
51, 1124, 961.82, 954
52, 1232, 962.46, 952
53, 1218, 962.05, 952
54, 1119, 959.23, 952
55, 1226, 969.45, 940
56, 1233, 975.07, 940
57, 1238, 959.29, 940
58, 1178, 957.08, 931
59, 1141, 949.48, 931
60, 1113, 944.32, 931
61, 1232, 942.69, 920
62, 1132, 937.32, 920
63, 1139, 934.56, 920
64, 1053, 928.13, 920
65, 1187, 929.33, 919
66, 1321, 933.93, 919
67, 1128, 926.24, 919
68, 1262, 939.3, 869
69, 1320, 924.2, 869
70, 1159, 921.44, 866
71, 1137, 893.58, 866
72, 1128, 873.21, 866
73, 1100, 878.18, 866
74, 1094, 875.71, 866
75, 1199, 878.5, 866
76, 1128, 876.77, 862
77, 1126, 872.57, 862
78, 1064, 873.9, 856
79, 1159, 876.67, 843
80, 1086, 873.06, 843
81, 1096, 862.54, 821
82, 1133, 856.38, 821
83, 1002, 843.7, 821
84, 1078, 839.98, 821
85, 1037, 831.07, 819
86, 1021, 828.67, 811
87, 997, 828.92, 811
88, 1147, 834, 811
89, 1116, 834.49, 811
90, 1061, 827.9, 811
91, 1172, 826.38, 811
92, 1139, 824.37, 806
93, 1052, 826.08, 771
94, 1139, 821.54, 771
95, 1109, 816.63, 771
96, 1109, 793.87, 771
97, 1099, 789.93, 771
98, 897, 775.45, 764
99, 976, 780.34, 764
