0, 2356, 2105.21, 1925
1, 2122, 1991.65, 1870
2, 2058, 1929.16, 1870
3, 2019, 1908.21, 1870
4, 2001, 1880.31, 1832
5, 1965, 1868.52, 1787
6, 2066, 1852.18, 1787
7, 1935, 1825.43, 1787
8, 1926, 1799.94, 1781
9, 1981, 1790.68, 1755
10, 1980, 1790.95, 1749
11, 1846, 1772.55, 1741
12, 1906, 1759.08, 1689
13, 1938, 1756.64, 1689
14, 1800, 1739.91, 1689
15, 1812, 1727.19, 1689
16, 1827, 1704.61, 1637
17, 1786, 1684.65, 1637
18, 1804, 1666.39, 1637
19, 1781, 1650.15, 1630
20, 1732, 1639.14, 1581
21, 1803, 1637.77, 1581
22, 1759, 1624.82, 1531
23, 1756, 1606.82, 1531
24, 1750, 1574.73, 1474
25, 1686, 1539.53, 1474
26, 1629, 1516.96, 1474
27, 1726, 1498.24, 1474
28, 1680, 1481.51, 1457
29, 1586, 1477.33, 1457
30, 1590, 1474.46, 1457
31, 1634, 1465.79, 1448
32, 1643, 1463.93, 1444
33, 1601, 1457.21, 1444
34, 1593, 1454.17, 1444
35, 1665, 1458.78, 1444
36, 1651, 1451.67, 1444
37, 1636, 1452.92, 1444
38, 1676, 1449.68, 1444
39, 1709, 1449.35, 1444
40, 1703, 1449, 1424
41, 1528, 1444.01, 1417
42, 1617, 1442.96, 1417
43, 1576, 1432.33, 1417
44, 1543, 1423.92, 1417
45, 1622, 1426.66, 1387
46, 1608, 1421.92, 1387
47, 1705, 1412.72, 1387
48, 1685, 1396.73, 1352
49, 1652, 1391.69, 1352
50, 1570, 1378.48, 1352
51, 1642, 1369.89, 1352
52, 1587, 1359.19, 1352
53, 1530, 1359.62, 1335
54, 1539, 1357.4, 1333
55, 1557, 1353.24, 1333
56, 1543, 1344.3, 1333
57, 1566, 1353.58, 1330
58, 1618, 1346.9, 1305
59, 1547, 1340.32, 1305
60, 1536, 1328.67, 1293
61, 1475, 1310.83, 1293
62, 1503, 1310.63, 1293
63, 1467, 1307.48, 1293
64, 1578, 1303.41, 1293
65, 1435, 1297.33, 1293
66, 1568, 1299.13, 1293
67, 1480, 1299.49, 1238
68, 1437, 1295.59, 1238
69, 1556, 1283.62, 1238
70, 1526, 1255.64, 1238
71, 1496, 1253.64, 1238
72, 1459, 1249.71, 1238
73, 1466, 1251.18, 1238
74, 1450, 1249.9, 1238
75, 1433, 1245.06, 1233
76, 1470, 1250.75, 1226
77, 1429, 1245.72, 1226
78, 1454, 1245.63, 1226
79, 1455, 1238.95, 1203
80, 1416, 1229.93, 1203
81, 1418, 1221.47, 1203
82, 1416, 1221.16, 1203
83, 1433, 1208.07, 1202
84, 1432, 1213.55, 1201
85, 1419, 1210.94, 1201
86, 1460, 1208.18, 1201
87, 1431, 1209.65, 1167
88, 1460, 1215.19, 1167
89, 1429, 1200.28, 1167
90, 1298, 1181.89, 1151
91, 1290, 1170.9, 1151
92, 1389, 1177.27, 1151
93, 1409, 1171.73, 1151
94, 1364, 1163.14, 1150
95, 1343, 1161.83, 1150
96, 1325, 1156.4, 1150
97, 1369, 1161.99, 1150
98, 1360, 1156.14, 1149
99, 1355, 1159.66, 1149
0, 2434, 2144.23, 1922
1, 2154, 2028.56, 1922
2, 2154, 1981.74, 1922
3, 2058, 1943.01, 1920
4, 2059, 1924.16, 1900
5, 2017, 1923.68, 1895
6, 2071, 1916.13, 1814
7, 2028, 1899.5, 1814
8, 1991, 1874.7, 1751
9, 1975, 1830.29, 1751
10, 1994, 1804.17, 1714
11, 1962, 1767.66, 1710
12, 1974, 1757.67, 1698
13, 1957, 1740.38, 1662
14, 1860, 1711.82, 1662
15, 1907, 1696.61, 1662
16, 1861, 1682.08, 1650
17, 1734, 1664.25, 1535
18, 1826, 1659.42, 1535
19, 1738, 1630.73, 1535
20, 1704, 1590.43, 1535
21, 1741, 1555.27, 1524
22, 1668, 1536.26, 1421
23, 1741, 1533.36, 1421
24, 1704, 1508.61, 1421
25, 1575, 1458.67, 1419
26, 1630, 1438.69, 1419
27, 1577, 1423.83, 1333
28, 1557, 1417.94, 1333
29, 1649, 1394.05, 1322
30, 1556, 1344.92, 1322
31, 1530, 1339.12, 1297
32, 1521, 1333.1, 1297
33, 1503, 1322.89, 1262
34, 1549, 1313.74, 1262
35, 1481, 1294.7, 1262
36, 1534, 1279.71, 1262
37, 1412, 1268.55, 1250
38, 1475, 1272, 1250
39, 1534, 1276.2, 1224
40, 1416, 1256.3, 1224
41, 1520, 1252.63, 1224
42, 1408, 1236.09, 1223
43, 1437, 1241.41, 1223
44, 1459, 1235.91, 1195
45, 1451, 1232.29, 1195
46, 1447, 1226.9, 1195
47, 1443, 1224.18, 1195
48, 1360, 1204.13, 1191
49, 1379, 1201.63, 1191
50, 1440, 1203.41, 1191
51, 1383, 1198.49, 1191
52, 1433, 1199.92, 1185
53, 1307, 1193.93, 1185
54, 1447, 1198.14, 1185
55, 1372, 1194.02, 1185
56, 1375, 1195.2, 1180
57, 1307, 1186.67, 1180
58, 1413, 1193.64, 1180
59, 1483, 1192.12, 1180
60, 1386, 1185.86, 1180
61, 1349, 1186.35, 1176
62, 1423, 1187.95, 1176
63, 1395, 1195.33, 1176
64, 1408, 1186.85, 1176
65, 1471, 1186.33, 1176
66, 1418, 1187.9, 1176
67, 1406, 1184.96, 1176
68, 1420, 1191.03, 1176
69, 1434, 1188.88, 1152
70, 1405, 1182.36, 1152
71, 1404, 1174.46, 1152
72, 1455, 1168.77, 1143
73, 1344, 1157.88, 1126
74, 1401, 1160.36, 1105
75, 1373, 1151.13, 1105
76, 1338, 1139.05, 1105
77, 1366, 1119.92, 1105
78, 1352, 1114.29, 1105
79, 1360, 1121.56, 1101
80, 1308, 1120.54, 1101
81, 1310, 1116.49, 1101
82, 1354, 1112.02, 1101
83, 1231, 1104, 1101
84, 1319, 1107.28, 1101
85, 1381, 1116.04, 1101
86, 1218, 1105.47, 1101
87, 1303, 1110.84, 1079
88, 1321, 1107.33, 1071
89, 1382, 1108.89, 1071
90, 1219, 1090.71, 1071
91, 1235, 1079.67, 1071
92, 1349, 1086.86, 1071
93, 1303, 1078.71, 1071
94, 1297, 1081.55, 1071
95, 1335, 1081.98, 1063
96, 1244, 1078.45, 1063
97, 1328, 1085.31, 1063
98, 1310, 1077.43, 1063
99, 1291, 1072.62, 1059
