0, 2798, 2640.99, 2502
1, 2708, 2539.81, 2463
2, 2570, 2499.05, 2415
3, 2571, 2478.27, 2415
4, 2547, 2444.18, 2363
5, 2486, 2415.12, 2363
6, 2517, 2401.69, 2318
7, 2547, 2372, 2298
8, 2546, 2346.48, 2245
9, 2443, 2311.61, 2245
10, 2432, 2285.88, 2245
11, 2417, 2257.69, 2175
12, 2362, 2239.16, 2083
13, 2410, 2216.32, 2083
14, 2258, 2173.72, 2083
15, 2221, 2158.22, 2083
16, 2191, 2150.71, 2079
17, 2353, 2139.76, 2079
18, 2197, 2112.53, 2079
19, 2175, 2088.68, 2077
20, 2275, 2082.84, 2019
21, 2241, 2079.12, 2019
22, 2206, 2064.34, 2019
23, 2213, 2043.01, 2019
24, 2208, 2027.78, 2014
25, 2177, 2026.14, 2012
26, 2121, 2020.64, 2007
27, 2152, 2019.51, 2007
28, 2132, 2013.96, 2005
29, 2121, 2011.56, 1963
30, 2102, 2007.77, 1962
31, 2067, 1993.63, 1934
32, 2113, 1974.37, 1934
33, 2180, 1958.92, 1924
34, 2069, 1946.61, 1924
35, 2017, 1934.49, 1905
36, 2067, 1934.07, 1905
37, 2052, 1922.17, 1871
38, 2117, 1911.34, 1871
39, 2053, 1905.28, 1871
40, 2011, 1882.82, 1813
41, 2029, 1872.28, 1813
42, 1964, 1858.33, 1810
43, 2000, 1829.97, 1810
44, 1891, 1814.74, 1810
45, 1989, 1818.47, 1810
46, 1902, 1814.64, 1761
47, 1960, 1811.99, 1761
48, 1950, 1804.48, 1761
49, 1857, 1771.63, 1761
50, 1979, 1772.57, 1746
51, 1945, 1766.7, 1726
52, 1889, 1766.94, 1726
53, 1951, 1755.8, 1726
54, 1903, 1745.62, 1726
55, 1865, 1733.39, 1711
56, 1857, 1731.5, 1711
57, 1897, 1727.15, 1700
58, 1867, 1717.1, 1681
59, 1892, 1716.84, 1681
60, 1839, 1705.89, 1681
61, 1911, 1696.91, 1681
62, 1824, 1687.7, 1681
63, 1797, 1684.25, 1681
64, 1793, 1686.04, 1677
65, 1870, 1688.49, 1653
66, 1867, 1681.65, 1653
67, 1887, 1682.81, 1653
68, 1818, 1664.18, 1653
69, 1785, 1657.52, 1627
70, 1819, 1658.5, 1626
71, 1764, 1652.64, 1626
72, 1734, 1640.21, 1626
73, 1889, 1639, 1626
74, 1840, 1629.6, 1584
75, 1779, 1629.02, 1584
76, 1822, 1625.95, 1584
77, 1691, 1593.13, 1578
78, 1870, 1590.44, 1560
79, 1793, 1591.98, 1560
80, 1821, 1583.91, 1560
81, 1777, 1579.42, 1560
82, 1729, 1572.76, 1560
83, 1764, 1566.93, 1560
84, 1734, 1566.68, 1558
85, 1781, 1567.88, 1543
86, 1738, 1571.21, 1543
87, 1759, 1561.56, 1539
88, 1774, 1554.74, 1539
89, 1761, 1553.17, 1539
90, 1730, 1548.05, 1530
91, 1759, 1542.94, 1510
92, 1751, 1542.36, 1510
93, 1696, 1535.31, 1510
94, 1768, 1526.08, 1510
95, 1764, 1518.9, 1510
96, 1692, 1520.85, 1507
97, 1774, 1525.25, 1507
98, 1721, 1516.66, 1507
99, 1668, 1517.87, 1507
0, 2869, 2603.25, 2404
1, 2736, 2470.8, 2404
2, 2548, 2416.6, 2363
3, 2484, 2403.78, 2325
4, 2441, 2397.44, 2325
5, 2521, 2379, 2325
6, 2485, 2342.56, 2240
7, 2474, 2321.99, 2210
8, 2377, 2289.98, 2210
9, 2408, 2242.07, 2210
10, 2276, 2218.36, 2155
11, 2246, 2203.63, 2155
12, 2303, 2181.79, 2155
13, 2225, 2162.08, 2148
14, 2418, 2164.09, 2065
15, 2221, 2151.4, 2064
16, 2248, 2134.01, 2064
17, 2293, 2093.53, 2064
18, 2246, 2072.34, 2026
19, 2231, 2068.95, 2026
20, 2191, 2054.34, 2026
21, 2257, 2039.16, 1962
22, 2211, 2029.49, 1962
23, 2124, 2016.94, 1946
24, 2174, 1995.86, 1946
25, 2133, 1970.77, 1862
26, 2062, 1947.64, 1862
27, 2166, 1931.33, 1862
28, 2060, 1895.14, 1862
29, 1978, 1873.46, 1832
30, 2002, 1859.98, 1774
31, 2093, 1846.34, 1774
32, 2027, 1823.78, 1774
33, 1979, 1795.04, 1762
34, 1981, 1784.65, 1749
35, 1960, 1776.52, 1749
36, 1921, 1768.62, 1749
37, 1873, 1756.95, 1724
38, 1955, 1755.29, 1724
39, 1913, 1751.57, 1724
40, 1926, 1740.38, 1724
41, 1931, 1733.16, 1707
42, 1901, 1727.63, 1697
43, 1956, 1725.55, 1690
44, 1882, 1710.97, 1690
45, 1925, 1710.12, 1689
46, 1888, 1704.64, 1688
47, 1916, 1698.81, 1683
48, 1866, 1694.98, 1683
49, 1922, 1696.94, 1683
50, 1895, 1697.77, 1683
51, 1949, 1690.31, 1674
52, 1786, 1684.69, 1664
53, 1916, 1690.87, 1653
54, 1804, 1676.77, 1653
55, 1880, 1673, 1653
56, 1847, 1667.49, 1645
57, 1853, 1662.34, 1645
58, 1908, 1659.05, 1645
59, 1820, 1649.88, 1645
60, 1806, 1653.82, 1645
61, 1922, 1656.94, 1628
62, 1711, 1647.41, 1621
63, 1795, 1645.48, 1621
64, 1816, 1635.92, 1621
65, 1804, 1626.71, 1621
66, 1746, 1628.23, 1602
67, 1736, 1623.49, 1602
68, 1781, 1624.09, 1602
69, 1803, 1613.76, 1602
70, 1731, 1604.26, 1602
71, 1827, 1606.35, 1593
72, 1783, 1611.95, 1593
73, 1729, 1610.6, 1593
74, 1921, 1606.84, 1591
75, 1792, 1598.1, 1591
76, 1856, 1601.73, 1564
77, 1814, 1592.96, 1564
78, 1757, 1590.46, 1564
79, 1724, 1580.35, 1564
80, 1730, 1571.15, 1547
81, 1883, 1577.72, 1547
82, 1808, 1568.48, 1547
83, 1731, 1562.14, 1547
84, 1778, 1559.24, 1534
85, 1789, 1562.86, 1534
86, 1688, 1553.06, 1534
87, 1795, 1551.45, 1518
88, 1692, 1538.32, 1509
89, 1739, 1538.23, 1509
90, 1676, 1528.41, 1509
91, 1635, 1515.25, 1509
92, 1744, 1518.68, 1509
93, 1800, 1521.98, 1495
94, 1715, 1514.86, 1495
95, 1661, 1511.34, 1495
96, 1710, 1504.53, 1495
97, 1668, 1499.28, 1485
98, 1646, 1500.99, 1485
99, 1653, 1501.29, 1485
